100
9421 6751
3997 5165
7968 693
9798 4954
2541 226
3539 7669
4265 179
2854 6393
661 6142
3118 2651
81 1027
2145 9267
2878 5278
3101 4282
7888 3689
463 168
5341 4299
6392 5030
9773 7342
7342 5035
9043 4712
3256 9783
8052 2914
4198 4832
8241 4966
1761 8097
6494 9235
5089 9358
9495 5656
3864 4564
2181 2318
3101 9184
1340 7874
7097 7308
7985 7757
2362 5709
4575 4663
1903 4609
5677 6259
5677 9342
3185 5614
4578 9649
9655 2291
7788 5815
5883 4581
5847 3378
1298 5861
4267 612
8275 516
5064 5517
3951 7422
6019 1530
5656 1438
36 3673
8528 5893
9427 9363
6428 1519
2473 591
9740 9817
2107 6709
6141 1305
9058 9519
2954 1637
4300 4905
2161 1049
8153 7708
1675 5098
5880 9084
8967 7180
2118 8034
5644 5773
8993 1361
4063 1893
5261 8740
9578 4718
6316 2140
4525 5860
7414 1310
2518 5245
4948 9546
4169 4075
3132 6464
7813 2832
5919 6988
1341 4814
6515 8281
3725 8141
9324 8837
7338 1729
1661 6443
4658 3178
5092 4241
5450 9061
8734 6606
3017 566
9364 9052
626 9978
5672 8897
1683 5948
6514 5890
